0.9060624164102778,0.8156474671703512,0.5697457158175195,0.21550104149317462,0.874590417301557,E
0.2183767958341759,0.45443529782757064,0.41628234491002114,0.47456640343842116,0.7056378806650601,D
0.6401999368083688,0.5980332351869094,0.5162399197263251,0.10204505112319451,0.886666944078108,D
0.11572348321356252,0.13756019649923945,0.7358592659958048,0.5363809092761713,0.10996202304692193,C
0.013434300835666546,0.09451615551118431,0.8157493872697423,0.617236373189184,0.6087278311700574,B
0.6022635608680538,0.25848227090812625,0.849554717774375,0.5706716039925772,0.05190256607093524,C
0.22432080120721365,0.9372077805519525,0.3484930644397368,0.7598010493761853,0.0830273329669351,B
0.6374397648624941,0.3196669134138306,0.9740559851130496,0.15834339037873812,0.9765481544582547,A
0.06561681874767544,0.7676396546266854,0.23686485002917324,0.20730378973493035,0.07323990259079094,C
0.7922327065697325,0.7123578322600483,0.512783736668737,0.2831242644115928,0.4977905821367601,A
0.7285870750271928,0.21063755219625624,0.3660634032962111,0.40415565835701883,0.3038996219698542,C
0.9185630135068389,0.7785431609859463,0.49104526666373216,0.6229615360719292,0.6752619345739509,B
0.8209758899759133,0.6710785821710017,0.06877047859329322,0.46401652358453715,0.09398007876603454,A
0.8491982918894038,0.9139033862446033,0.4648346818227237,0.4335713754114545,0.6986209512691423,B
0.010003431936150387,0.6229464037828374,0.8681122467527019,0.9243469919448051,0.12771403954212035,E
0.22728268682094288,0.07884818122402937,0.16117424135318204,0.7600258975987448,0.2927996620217065,B
0.8520286278143921,0.6405709014233111,0.22655755558502855,0.5770501884360519,0.6329890998655718,E
0.019264353579102056,0.3998194783677659,0.9480341501976669,0.47991565701683936,0.06811185241978146,A
0.18195800506091375,0.11717226694608063,0.6669621635445876,0.9541583438974497,0.05862267148209299,E
0.1945824436072462,0.041392706059364626,0.3818780183676278,0.06800595117898178,0.2167038096917724,E
0.7369925920151984,0.33700087807109425,0.8573481106487931,0.32076663918282733,0.7591351683300478,B
0.8598989855728865,0.5440009120468553,0.15482225145657036,0.2236182374831126,0.21794429282969818,E
0.14430349709427792,0.5842365933185849,0.9123364108364562,0.9554876981381282,0.8060634213423631,B
0.23529553420366733,0.8581082186459837,0.41789917431413814,0.8000449097911055,0.41845676989919345,B
0.3730047017417988,0.6076109708685036,0.5267667187206522,0.4366244175055022,0.45960003177714037,D
0.8998503589338703,0.6598719757484858,0.23003106793775374,0.7224951918459079,0.34248979485014275,A
0.13771187120064565,0.162301458010371,0.30701883815140785,0.4382505660988074,0.7593064747638393,E
0.28248368683274216,0.949963761687644,0.4914003728463965,0.9406560340280544,0.7133259708464263,B
0.8525240747241712,0.4548378194402729,0.052375658268612124,0.6999484160738144,0.7825684963122793,A
0.19817959098613014,0.48555063452782465,0.5400330213951675,0.5725898876563189,0.4905561780765775,A
0.9896572985069726,0.82040407321035,0.18775759066938036,0.2868367840119058,0.939770041520153,A
0.843552102913007,0.24618769972897847,0.5485405417836864,0.8922485642860211,0.9773024579888038,E
0.9763450321902543,0.21014939765143648,0.626611097266784,0.9375484646799634,0.40933770854369256,A
0.34214414003805693,0.01951553070028933,0.5257676691080698,0.7292366267062017,0.14452794910274147,A
0.700714641948039,0.20340488887077302,0.42859821448306956,0.4262232419634212,0.018097775505474423,C
0.4113880348029121,0.6329385885657473,0.7222840711489907,0.4813721144428783,0.9467722668120718,E
0.39687886301132225,0.602846672020157,0.11364035144461349,0.9333077494832391,0.015890700350825626,C
0.7960627203051035,0.8479355767844113,0.97968109167768,0.4612298627661755,0.44122132269551384,B
0.00606302293558969,0.9262890796464472,0.6577013232882575,0.902283471136806,0.30550686141994166,B
0.9932030504360525,0.5091600533685386,0.7172997050004385,0.6095974383571259,0.9443068416621627,D
0.2597876990962156,0.735412503742023,0.23381868327179622,0.07902468919560213,0.07886859326453721,B
0.9583056477081205,0.7689311878853478,0.2572514162492152,0.3883489819331769,0.7597639825502612,A
0.8946279075007794,0.3958588981014852,0.3734810833089065,0.9489454758062318,0.7707825197557528,A
0.21069024291655503,0.5790393037318352,0.7157132759170564,0.11020914836675,0.9708349833174666,C
0.8058823625342628,0.17634809391637263,0.383184838367965,0.47966435403275365,0.8501656221875162,A
0.870002862181625,0.6037942291097886,0.6231568903000028,0.9358970441716904,0.38803832030759655,D
0.5917718291787999,0.5481002142044918,0.06018353752321315,0.11776954714945609,0.26091614377576966,A
0.2967877625448503,0.6752359487348447,0.6101288232063563,0.5642355268639179,0.9118060687771119,E
0.9353199866862143,0.2894729216988936,0.1784565603980962,0.4831094484522387,0.9034812764671403,B
0.5768573250039482,0.3556880611642387,0.9248142420347635,0.777949818874781,0.9544010069744887,C
0.7516405781021779,0.6787435796521647,0.010064914274223624,0.9478310458236983,0.5746608326266185,B
0.5163145554647998,0.35034647222579407,0.07507733909074521,0.7039501600905967,0.6540656102178269,B
0.9367047689948073,0.009540392742017234,0.5283678699094886,0.8182710903147908,0.8424552614973034,E
0.2998770709650489,0.5317923078354722,0.43572675181042186,0.18298493621608458,0.3848381316982725,B
0.2417891645265966,0.6997472006476696,0.09474775112633826,0.3989875805806984,0.09127165997271036,C
0.6622276718195332,0.3091479413536862,0.3381600503752581,0.500709688285696,0.6627830893819171,C
0.5032998771578407,0.8406165854718074,0.1341931704266337,0.0356427210178617,0.8809996936712559,C
0.16060595310168269,0.9031188181364334,0.7664049406637874,0.015749212204879903,0.573826117600254,A
0.8383778700500244,0.8108099556215915,0.41156586172272003,0.7961244845371179,0.5683646560595377,A
0.5668234237271372,0.05467373243974172,0.12831448182839633,0.9356729280513734,0.43381342361469843,D
0.47768290166703276,0.6873615046195157,0.8695158825850002,0.88390968463355,0.8143750583438405,B
0.12419889093057201,0.08536287432716938,0.5079921773505429,0.9522317909212515,0.8063422302865552,A
0.7795159616778199,0.5170705792062515,0.8210953782610749,0.3763820579976913,0.9854152774793494,D
0.0775552582868595,0.45814180213341427,0.962950951003415,0.16508812151757957,0.8161458153758135,D
0.6682879691616525,0.15906313865163435,0.909590688626994,0.43848485091289946,0.06231985780703686,C
0.6983931847590673,0.8361928505918081,0.03996945280958042,0.9361342359674754,0.21415093630899484,E
0.8481644349815717,0.951474309308253,0.796144224549387,0.19464701553607944,0.8421844193407372,B
0.06831319178758921,0.8573308759275724,0.9814706812040417,0.8210139042893168,0.12392913056596544,D
0.4058121808658116,0.8483945989506199,0.9136973958207039,0.5201331696404473,0.4347169387378377,E
0.2008132487695482,0.2469030720016797,0.36084441937970513,0.33676433846370024,0.1843393046374706,D
0.7020349789926885,0.27938428588017117,0.34886038979954004,0.5908846443433305,0.7240047312844389,A
0.40677316253596185,0.47762852065458317,0.9182002509990026,0.5244521334461366,0.2700225997392428,E
0.20281418575363386,0.5725821676476318,0.19897399508332492,0.22814745044322626,0.7741104074538934,D
0.056192467185641526,0.2239096832489248,0.40774034008345506,0.7405595242091475,0.17930056609360556,D
0.741997204964911,0.7654808115966083,0.1108577257786979,0.3678619346169344,0.1852003921983545,E
0.7907370147165228,0.5513270853992885,0.6019890540005902,0.3922726881037538,0.2403660680548323,B
0.3826323746930721,0.45155447766576384,0.27924472911470666,0.5904920939728061,0.06673400073196589,C
0.1621971700487116,0.02801774043254346,0.9038030375151717,0.9428131006654835,0.6870493208981825,C
0.48766651039347,0.6939206180173918,0.888703879605937,0.3663708339394086,0.11512341707841345,A
0.5060370790719625,0.8526940493849211,0.43741128239416904,0.2668232389438827,0.6968878537427319,C
0.6713106172291425,0.9268214205136444,0.2736786236071621,0.1781858982261867,0.17344665093461475,D
0.1006633607984515,0.731508018013492,0.29421796632402,0.006996234199448392,0.42855760350476646,B
0.5332616576150269,0.38619083430584866,0.9096800851212693,0.2191094240515603,0.6787749353866599,B
0.7995512845761998,0.743669175186703,0.6011247226608799,0.02839940304441979,0.31214385422988844,C
0.8118634704515137,0.20221841120261286,0.7941155072880924,0.2483165678548117,0.4123634690100634,B
0.6789651786157149,0.07653558398308657,0.20942275960153656,0.8252784119159768,0.8868683552582769,B
0.4125171864942252,0.022081718411762874,0.09995753525310669,0.41795409351698876,0.1255048658862672,C
0.07681503362516551,0.3872747806174379,0.6640396321636745,0.9747675199079928,0.27614809346748337,B
0.31315837377860556,0.7255044278729497,0.06386965524155652,0.5381039310575335,0.964219989657218,A
0.9518970245508115,0.2893673789701907,0.6207798211981567,0.2601252063274506,0.782151883611524,B
0.12294004584565044,0.7958543911721953,0.29843044128524554,0.03462621337181948,0.42124293019278924,C
0.7456400516087831,0.63285771514631,0.16593803580608135,0.15600444360560883,0.8624648226849028,C
0.9288231668868152,0.1290290404155673,0.9902809976442734,0.9306565691648202,0.1025433065518242,D
0.5025366571140166,0.013987061666007383,0.5514860483442399,0.012602608877177346,0.21580197328300854,A
0.39092275977338364,0.15442414730944276,0.566146495101657,0.3306100662257411,0.93367079056312,C
0.1319638575964397,0.6171276010343213,0.1641775658549922,0.1391437558713452,0.7875739885317091,A
0.9599906108443157,0.30604202294323135,0.8042446783816415,0.5410654732514177,0.6896342268610275,D
0.06441551405116708,0.44422621666640694,0.4482987738099117,0.7277530454823322,0.19075035408273966,C
0.15926056174975045,0.8142067036204116,0.09977517149348936,0.36209671992919235,0.24933311388857704,D
0.0916063557908523,0.1650641680113002,0.2741468709163445,0.3667616299308739,0.07958791334539628,E
